1574.12 ms
37124
134219410 134219410 134219410 34
236.109
115.91
67.3378

6.66693
13.5806
23.3765
chrysoge@diascld34:~/Documents/multigpu$ ./a.out 
1489.4 ms
37124
134211413 134211413 134211413 26
235.952
115.006
67.2712

6.31228
12.9507
22.1402

========================== WITH GRID (size  8) =================================

1495.46 ms
134225943 134225943 134225943 34
180.219
87.4477
11.4442

8.29799
17.1012
130.675
chrysoge@diascld34:~/Documents/multigpu$ ./a.out 
1496.4 ms
134221762 134221762 134221762 47
180.503
87.3707
12.1204

8.29019
17.1271
123.462

========================== WITH GRID (size 32) =================================

1495.16 ms
134216404 134216404 134216404 49
178.182
89.6478
9.5544

8.3912
16.6781
156.489
chrysoge@diascld34:~/Documents/multigpu$ ./a.out 
1505.13 ms
134236801 134236801 134236801 47
178.407
89.5498
9.57002

8.43651
16.8077
157.275



